0
0
0
0
0
0
0
0
0
0
0
0
0
0
0
0
0
0
0
0
0
0
0
0
-3349
-3353
-3373
-3377
-3372
-3332
-3392
-3397
-3380
-3385
-3388
-3404
-3389
-3387
-3391
-3397
-3387
-3382
-3383
-3392
-3390
-3390
-3395
-3400
-3378
-3388
-3387
-3398
-3379
-3400
-3391
-3400
-3388
-3391
-3394
-3405
-3395
-3399
-3397
-3406
-3389
-3393
-3319
-3333
-3431
-3444
-3439
-3409
-3389
-3396
-3398
-3399
-3397
-3400
-3395
-3406
-3384
-3386
-3383
-3395
-3391
-3387
-3390
-3392
-3389
-3386
-3388
-3397
-3393
-3399
-3393
-3390
-3389
-3392
-3389
-3402
-3388
-3388
-3387
-3392
-3379
-3387
-3382
-3387
-3387
-3389
-3383
-3399
-3352
-3346
-3351
-3350
-3347
-3350
-3352
-3369
-3341
-3345
-4537
-3354
-3366
-3362
-3353
-3367
0
0
0
0
0
0
0
0
0
0
0
0
0
0
0
0
-3398
-3435
-3450
-3457
-3449
-3485
-3410
-3426
-3400
-3386
-3417
-3409
-3512
-3601
-3426
-3431
-3425
-3417
-3428
-3444
-3424
-3434
-3404
-3443
-3433
-3436
-3436
-3440
-3427
-3429
-3467
-3456
-3420
-3436
-3437
-3449
-3440
-3438
-3448
-3449
-3431
-3434
-3436
-3447
-3462
-3438
-3459
-3579
-3639
-3453
-3447
-3401
-3456
-3455
-3500
-3501
-3442
-3448
-3446
-3813
-3861
-3746
-3691
-3453
-3444
-3456
-3454
-3464
-3452
-3456
-3458
-3446
-3454
-3467
-3438
-3585
-3462
-3669
-3570
-3618
-3640
-3603
-3556
-3564
-3612
-3629
-3659
-3548
-3566
-3601
-3646
-3603
-3566
-3598
0
0
0
0
0
0
0
0
0
0
0
0
0
0
0
0
0
0
0
0
0
0
0
0
0
0
0
0
0
0
0
0
0
0
0
0
0
0
0
0
0
0
0
0
0
0
0
0
0
0
0
0
0
0
0
0
0
0
0
0
0
0
0
0
0
0
0
0
0
0
0
0
0
0
0
0
0
0
0
0
0
0
0
0
0
0
0
0
0
0
0
0
0
0
0
0
0
0
0
0
0
0
0
0
0
0
0
0
0
0
0
0
0
0
0
0
0
0
0
0
0
0
0
0
0
0
0
0
0
0
0
0
0
0
0
0
0
0
0
0
0
0
0
0
0
0
0
0
0
0
0
0
0
0
0
0
0
0
0
0
0
0
0
0
0
0
0
0
0
0
0
0
0
0
0
0
0
0
-3610
-3582
-3605
-3578
-3565
-3572
-3561
-3569
-3578
-3535
-3569
-3582
-3567
-3584
-3619
-3691
-3590
-3581
-3575
-3549
-3584
-3591
-3589
-3591
-3585
-3598
-3587
-3520
-3583
-3606
-3580
-3607
-3600
-3599
-3589
-3577
-3585
-3538
-3550
-3600
-3595
-3597
-3596
-3595
-3598
-3610
-3598
-3575
-3557
-3555
-3564
-3558
-3589
-3543
-3573
-3593
-3544
-3575
-3576
-3600
-3557
-3603
-3595
-3601
-3527
-3559
-3559
-3549
-3547
-3563
-3557
-3554
-3554
-3566
-3585
-3579
-3571
-3579
-3578
-3573
-3555
-3545
-3573
-3568
-3550
-3577
-3560
-3562
-3564
-3580
-3566
-3577
-3552
-3579
-3585
-3584
0
0
0
0
0
0
0
0
0
0
0
0
0
0
0
0
-3560
-3525
-3571
-3574
-3578
-3583
-3557
-3578
-3584
-3586
-3579
-3593
-3577
-3578
-3564
-3563
-3562
-3512
-3597
-3592
-3576
-3576
-3612
-3616
-3640
-3659
-3647
-3502
-3578
-3525
-3612
-3612
-3548
-3560
-3550
-3562
-3548
-3575
-3562
-3593
-3589
-3572
-3586
-3593
-3601
-3575
-3585
-3578
-3596
-3587
-3590
-3584
-3586
-3578
-3579
-3588
-3591
-3611
-3594
-3622
-3591
-3612
-3594
-3595
-3566
-3580
-3580
-3580
-3580
-3609
-3577
-3582
-3585
-3595
-3607
-3615
-3592
-3593
-3595
-3623
-3648
-3602
-3608
-3613
-3620
-3613
-3213
-3586
-3533
-3544
-3550
-3590
-3503
-3602
-3606
-3606
-3602
-3602
-3592
-3650
-3650
-3650
0
0
0
0
0
0
0
0
0
0
0
0
0
0
0
0
0
0
0
0
0
0
0
0
0
0
0
0
0
0
0
0
0
0
0
0
0
0
0
0
0
0
0
0
0
0
0
0
0
0
0
0
0
0
0
0
0
0
0
0
0
0
0
0
0
0
0
0
0
0
0
0
0
0
0
0
0
0
0
0
0
0
0
0
0
0
0
0
0
0
0
0
0
0
0
0
0
0
0
0
0
0
0
0
0
0
0
0
0
0
0
0
0
0
0
0
0
0
0
0
0
0
0
0
0
0
0
0
0
0
0
0
0
0
0
0
0
0
0
0
0
0
0
0
0
0
0
0
0
0
0
0
0
0
0
0
0
0
0
0
0
0
0
0
0
0
0
0
0
0
0
0
0
0
0
0
0
0
0
0
0
0
0
0
0
0
0
0
0
0
0
0
0
0
0
0
0
0
0
0
0
0
0
0
0
0
0
0
0
0
0
0
0
0
0
0
0
0
0
0
0
0
0
0
0
0
0
0
0
0
0
0
0
0
0
0
0
0
0
0
0
0
0
0
0
0
0
0
0
0
0
0
0
0
0
0
0
0
0
0
0
0
0
0
0
0
eof
